194501
505401
2644901
339201
143501
320101
2196001
1394201
1910801
2854101
248101
298301
2728901
242801
246701
1820101
1473101
1717901
2102601
3073001
3107201
345301
481401
2424301
2625901
1940301
240801
1556001
2843501
1673501
274001
2426201
1066501
150101
1647401
480101
2742701
159501
2871901
1222601
1668101
158301
2727901
143901
2936701
159901
2052901
148301
3018201
3163101
1845401
1481901
1076601
2612401
2110701
3258301
339101
3044401
2026401
2666001
2829401
2154401
488501
403401
1276801
2152101
470701
190801
567201
1380201
218101
2794101
1226301
1076001
2302601
166201
1032901
1557101
1209901
130401
2728701
376801
2725401
432301
464001
3131901
2282701
1885701
2106301
1927301
3141201
2614001
210701
503501
2261601
115701
2161201
2063601
2113701
2493701
1548401
313301
1860101
263701
2465101
173501
2340401
1514101
1938301
1733601
1526401
204301
1463501
2047201
2270001
1401001
1261701
2198201
1878001
346101
2617101
548901
1737501
1452301
1913201
548301
531601
2791701
2611201
1588301
1255201
2085301
127901
2038401
1052401
1869901
2641101
339301
1376801
329301
2135001
2344701
1725301
1992001
286401
1212601
1035801
1907201
1095801
1059701
2346701
2185201
2436701
2027601
2344601
1260301
2632701
407601
212401
1230201
155801
3309801
151101
2135201
1638201
451401
1441501
1216701
2808801
1215301
3253201
3066001
1459501
603701
2772501
1292201
1213601
460901
1349101
3347701
213501
3115401
256601
1264701
1225001
2405101
196201
268901
1373001
2253601
179701
2554801
1487801
3036101
2199301
196601
530001
316401
350401
2382901
492701
1278301
1885901
3296101
2788301
329201
3073401
2669701
193501
312401
1841301
537201
3273801
1031001
1235001
1553801
3279401
3117201
1334001
2304601
272601
1858001
1586001
2950401
2024701
3255801
1226201
1374701
218901
2954101
1223401
476501
3030201
2388001
130301
206801
498301
1466701
2569101
1616501
151001
1881301
3032301
2591801
2503401
209501
2531701
1820801
1555201
1813401
289101
1346501
169101
1664901
328601
1580501
477501
1917201
1220101
1453401
2073701
221001
1545101
242401
2433801
337901
1379901
2607501
2135801
274101
1548801
1388501
2370901
2860001
2088501
1644901
2602201
1634001
239001
1532701
2048101
2304101
1271301
1651601
1371901
372701
1926901
477301
2302801
3253401
118201
2234001
2447401
1318701
1769001
246501
2203101
3325701
1896201
1096301
1227801
1231001
1465101
469901
603001
2103501
1995301
123301
2140901
200901
2422401
3002601
2698101
2632601
452101
2359801
1829101
1245701
2434001
1509801
2653301
2118101
2814201
1561801
284801
1097301
1457701
340501
1617501
501301
191701
2814301
1001701
352901
2117601
3277601
2612701
2064301
1574901
1856401
3270601
2014501
3005501
1740201
2013501
2528101
246401
300601
1380101
3193601
595601
2688401
307701
2208701
314001
2411101
3030401
2079401
262001
1228201
269101
1724901
2068601
162901
2078501
2592901
219401
2966101
546601
1562301
565001
1293201
352501
1243201
398801
2648401
2437801
297701
2573701
238301
209201
2891001
2661701
2060801
1039701
1240101
196301
2857101
1024301
578601
2641501
1379501
167001
2123501
265001
2386101
588901
382701
430601
529001
409501
1895001
112101
602201
3344301
2039001
1299501
235401
572701
2069501
3295801
2081901
1236101
1757401
1316501
2562901
1782601
2614201
2343601
2563101
2297501
2495001
1781401
3295701
2849501
2487601
171501
2400601
3328101
2488801
2121501
2042001
2844801
1927201
2591001
274501
133101
237001
2147601
2581601
405801
2894801
2251301
2053501
3231901
1968501
429501
242501
1022401
1808901
489701
1881601
1834801
1874701
2671001
1813201
