194501
505401
2644901
339201
143501
320101
2196001
1394201
1910801
2854101
248101
298301
2728901
242801
246701
1820101
1473101
1717901
2102601
3073001
3107201
345301
481401
2424301
2625901
1940301
240801
1556001
2843501
1673501
274001
2426201
1066501
150101
1647401
480101
2742701
159501
2871901
1222601
1668101
158301
2727901
143901
2936701
159901
2052901
148301
3018201
3163101
1845401
1481901
1076601
2612401
2110701
3258301
339101
3044401
2026401
2666001
2829401
2154401
488501
403401
1276801
2152101
470701
190801
567201
1380201
218101
2794101
1226301
1076001
2302601
166201
1032901
1557101
1209901
130401
2728701
376801
2725401
432301
464001
3131901
2282701
1885701
2106301
1927301
3141201
2614001
210701
503501
2261601
115701
2161201
2063601
2113701
2493701
1548401
313301
1860101
263701
2465101
173501
2340401
1514101
1938301
1733601
1526401
204301
1463501
2047201
