194501
505401
2644901
339201
143501
320101
2196001
1394201
1910801
2854101
248101
298301
2728901
242801
246701
1820101
1473101
1717901
2102601
3073001
3107201
345301
481401
2424301
2625901
1940301
240801
1556001
2843501
1673501
274001
2426201
1066501
150101
1647401
480101
2742701
159501
2871901
1222601
1668101
158301
2727901
143901
2936701
159901
2052901
148301
3018201
3163101
1845401
1481901
1076601
2612401
2110701
3258301
339101
3044401
2026401
2666001
2829401
2154401
488501
403401
1276801
2152101
470701
190801
567201
1380201
218101
2794101
1226301
1076001
2302601
166201
1032901
1557101
1209901
130401
2728701
376801
2725401
432301
464001
3131901
2282701
1885701
2106301
1927301
3141201
2614001
210701
503501
2261601
115701
2161201
2063601
2113701
2493701
1548401
313301
1860101
263701
2465101
173501
2340401
1514101
1938301
1733601
1526401
204301
1463501
2047201
2270001
1401001
1261701
2198201
1878001
346101
2617101
548901
1737501
1452301
1913201
548301
531601
2791701
2611201
1588301
1255201
2085301
127901
2038401
1052401
1869901
2641101
339301
1376801
329301
2135001
2344701
1725301
1992001
286401
1212601
1035801
1907201
1095801
1059701
2346701
2185201
2436701
2027601
2344601
1260301
2632701
407601
212401
1230201
155801
3309801
151101
2135201
1638201
451401
1441501
1216701
2808801
1215301
3253201
3066001
1459501
603701
2772501
1292201
1213601
460901
1349101
3347701
213501
3115401
256601
1264701
1225001
2405101
196201
268901
1373001
2253601
179701
2554801
1487801
3036101
2199301
196601
530001
316401
350401
2382901
492701
1278301
1885901
3296101
2788301
329201
3073401
2669701
193501
312401
1841301
537201
3273801
1031001
1235001
1553801
3279401
3117201
1334001
2304601
272601
1858001
1586001
2950401
2024701
3255801
1226201
1374701
