1780401
3253401
413601
362801
1023801
2626301
1861201
3183101
2936701
2402201
2103501
3015701
2715401
2790101
1030901
596001
1436301
1245001
2032801
583501
602901
2026201
2633301
1489301
1473001
369501
1260001
1379001
537201
1940301
2361201
155601
1032701
3234701
1274301
2961901
1255101
2100401
2671001
466301
3229201
174601
2673101
482301
1808701
1481901
2024601
1820101
2063601
2234201
2050701
2631601
2208801
2617401
1269401
422701
3125301
136101
1720601
2220401
2704601
2075201
2823901
2858701
2597701
2842001
2068901
1464001
2081301
2633801
2666001
2251901
2340001
2794101
2569201
1231001
1896501
468101
2161201
2695101
2554801
2066201
258601
194501
2336301
1851001
370701
489601
3326101
3017701
3344301
399201
452001
1267401
461801
319501
2148201
1321501
3190801
382601
306001
130401
2068601
425201
212301
1902801
2110501
572701
435301
2359801
1346301
2165701
2694701
1014601
2104901
140201
248101
445601
1565001
1548401
1759601
563301
2895501
264901
1093101
588901
2576101
2151801
1021801
3145101
2146201
272601
2152201
1671001
2624501
1771801
2950501
1644301
537901
1294801
238601
526601
1466701
1491701
2114301
436801
268901
227901
2798101
2193501
1934001
1699401
1227801
250501
416701
529801
1957101
1829101
1271301
2338201
1327201
2927501
180801
1952401
2605101
1001701
2612401
1717501
2405101
1545101
2088501
189801
598901
1390201
151001
1552901
2573201
218701
430401
124901
284801
2212201
114501
2298301
3258301
3324401
2382901
1105101
2270101
3107101
3129401
2490401
2624901
2791601
2247801
1992001
2218401
158601
3208001
2669401
3269401
136401
2052701
1651601
220601
1821701
1782001
2576701
118201
159901
1898101
261201
2034201
1828801
460901
439001
2794701
2456001
2750201
2851801
321001
130601
537001
2944201
2005301
1641401
1717301
1102201
1781801
2248101
2208701
305901
2949001
343501
1319801
235401
371101
2111501
3303001
2352601
2850301
1095801
175401
2571101
2633901
1439201
2463801
147301
1733601
1286301
1537301
336201
191701
154201
1323601
1510901
1484601
2079101
1347701
571201
1032901
545801
2159401
2950401
375801
1905801
320901
2653801
2465101
2159601
2555001
2207301
2139101
1841301
1271201
1581101
2643601
2795301
1345901
2731001
3221101
2098801
314001
2505701
1881601
2038401
123701
529501
3234601
2106301
1516401
2126501
1348001
3309801
2690101
2708301
1378701
193701
2891001
476001
190801
1795801
3167101
2300001
2607501
278001
1765901
2501201
2038601
2503401
322401
2769001
1261801
223701
2929801
2297501
3102001
2871801
2661801
1251101
1441401
2768901
461101
224201
593501
2124101
1612201
2563001
306901
2147601
2384801
2526901
3251301
1364501
1773801
2596301
1881801
1526401
527001
2111301
2206001
2915501
1223401
1066501
2132501
2017701
2456701
200901
331801
588001
3185501
2103401
530001
156601
2579801
2915601
1241001
2434001
498101
141201
2715701
1845401
1237401
2428101
140101
2772501
1850301
2814201
3008701
2984401
329401
1980601
1269101
2274401
288901
2026601
2684801
403001
312501
1260301
1377301
242801
3279001
1046801
1757201
1552601
1650801
3066201
2302401
266201
158301
214901
3296101
1245701
1611401
407601
2581401
2099301
420501
2027701
1236101
2224501
1721601
2133301
3222301
158001
2529001
2452401
3073001
165301
1248601
2115401
1299201
1260901
1882801
477501
1808901
1736001
1287201
3246201
3030301
581601
1031001
1665101
1680301
1097501
2220501
1860101
534501
259201
1766601
1625801
482201
2644901
2342701
1380101
2857101
2857001
2308601
344001
169201
2503301
2591501
140501
1554201
198101
297901
2533201
2850901
2304601
446701
1261601
599701
192501
2251301
2024701
1917001
1528301
1349001
195801
174401
1213601
3287501
2302601
174201
2317801
2725401
2354901
2407501
1728801
339101
1279301
376801
2010201
1698301
530801
1580201
1389801
1718001
166201
2794801
1895101
1268601
1885701
2348601
1873801
1743401
1228201
3067301
1837501
1895801
302001
3293101
1911501
3077501
1567101
1644101
452101
2616001
2574101
2495601
3262901
352501
1870601
1268301
1751001
2529101
1072101
2722801
483601
2302501
3002601
2251601
304201
517301
1228701
576601
1697201
2437801
2032701
1908401
281501
263501
269201
1819101
272001
1532901
2155301
516301
2270201
3333801
1214101
1813201
213201
2080701
2074501
2742701
246701
1927301
264301
1634101
112101
596101
191001
1220101
2417601
1052401
180101
376401
3157401
124501
2102401
1379501
1918201
1380601
1535501
3217601
1707501
2157301
1232101
2420701
1849101
3088801
1917201
3073801
2117101
522601
547901
1243901
2814901
2589901
111801
1504901
3065601
2551601
2196201
1934101
2795401
1586001
2796101
1059701
2592901
569901
176601
1595401
2222901
1458701
2135201
3214301
2049001
1049701
1236401
1037801
2728801
1785501
257901
419201
483401
1562301
2069501
1935501
2173401
2981701
555001
274701
260201
1550501
1386101
130301
339501
3117401
2354401
3054701
1396801
129601
3202301
142601
2386501
3222401
263701
293801
2079401
315701
546801
2037101
2072401
1216601
2747901
3215501
3254801
1046901
2346301
262601
357601
2260601
481201
2726701
2593301
3186401
2098401
3044401
1926701
1169501
1676701
2041901
589901
1786701
1195001
2157201
1755501
1203801
1225001
477201
3333901
2501601
2827201
213801
1096001
1644901
2199301
212401
1523601
396401
2858901
3255801
596601
2530101
139801
3007901
3277801
1867601
1709801
1145701
201401
425801
1071801
1226201
1852401
1685801
1024301
1734301
378701
1735901
238301
1388301
2696501
2411101
1876501
187001
1376501
328801
2344601
576701
151901
191601
2647301
1796201
1798201
1736601
3050801
2246101
1389701
2135001
158401
2581301
2128801
2099601
1874501
1529301
1776801
3203301
3057401
2580501
2844801
1379401
1278301
1749101
2344701
2176101
1031401
1995301
2415901
1726201
2014501
1929601
422601
2829401
2064301
1728101
2225601
510201
2195701
1597201
2121501
1766901
3183201
3279301
1364601
1926901
1873601
1839001
2946501
2637101
459801
200001
266501
2436801
1316501
206201
2075101
3073301
1881301
2898401
1317801
118401
1738701
1089601
2634001
2651101
298301
3088901
2082501
1995201
1694501
533501
1776701
2791701
1532701
260301
217101
569801
547601
476501
2123501
1581201
2579601
2617101
190901
2143701
1282901
2513401
2490501
257501
1813401
174301
1917601
1575301
2691701
602201
2262101
2270001
2111401
340501
2638501
314701
1076001
472201
2563101
2838601
1276201
244101
1255901
316401
1209901
2122701
297801
3180901
1286801
2659801
2860601
2954101
2963601
221001
1559201
2666801
384501
1284901
345701
2436701
2090301
198001
2411701
1683201
1022401
3095101
3274201
345501
2903201
126501
3103301
2648601
2648401
1782501
1246801
1327001
2728901
1677101
2447401
2387701
2888101
1036301
2013501
155201
2695601
3025001
1887701
1717901
1772701
2188701
3125901
1638301
3253301
1792701
1907101
2671501
1771301
2224401
2204201
1003401
1030801
3276301
2343201
2801901
526901
2614201
204201
1602901
2927601
1368401
2695301
2493201
1664901
2854101
1575401
1514101
1751401
565001
297701
2573701
1634001
2562301
112001
2500501
1110601
1566801
3030201
2349201
2345501
300501
240601
262001
1231701
2301101
2927101
2492501
2321501
329201
1725201
372701
1216701
1988801
124101
2604501
2865101
1607001
3021601
2115501
3173801
1465001
2466001
2248201
556701
159201
2615601
2227201
2575901
1241701
513301
2537101
2086401
220901
1800301
2571201
512701
2011401
135301
2488601
1420401
2349601
390701
2285801
176801
2098601
1782601
1972201
2037301
150101
2066701
2139401
3217001
487601
237001
1574901
1087001
2595001
195701
515901
3253201
403601
1463601
3189201
1163001
2499001
1970601
235301
2374301
522401
1697101
545901
1581001
1533301
1569901
2328901
2114201
1209401
2487601
1712501
1647401
2796001
2087101
1931001
2154401
1323701
2775401
2546401
1243601
2532401
286401
1269901
2658701
252301
174101
1511201
1394801
586201
1959401
1681801
1665701
565101
3328201
1258901
562701
1035801
2641301
484101
579101
2385701
155801
3303201
2361301
3001201
3032301
3247901
1238501
1278601
2647501
1694301
1653701
600001
3286601
3186901
2118101
1230201
1245401
2203101
2230201
481401
2641101
2653301
2372501
173401
1482101
3327801
2195901
227801
1346501
2207501
1227701
1675301
1003501
3324201
1616501
2589801
2596701
558601
493601
1114101
3218101
196601
313201
1851901
141901
2278801
2632601
3053101
603001
2530301
1567601
1096301
3196601
1924501
1057801
1235001
1891101
222901
585201
3172701
1087201
2028401
1907201
1556001
340401
143501
1255201
260401
2047301
1227301
2465001
2281801
1638201
209301
2860001
169101
300601
1533501
2720101
3050001
548301
207401
250201
146401
1766201
2154201
506201
1293301
2849501
2984201
2117301
432301
1078501
3278601
1283701
3053601
488501
2372301
2462001
3256201
489001
1401501
1652101
1223001
2611201
1552401
3042701
1553801
2236101
472001
2720301
2247901
2698101
2843501
289201
3224401
2631401
3263001
1373001
3111501
172501
1903301
2480501
2775501
2865801
1250701
1680101
432001
493701
2386101
376001
2105101
568201
3131901
1078701
2658801
2424301
323701
513801
163901
1912301
1994701
1380701
583401
256401
1059101
3246401
1017701
1561801
3320401
3273801
1861301
3231901
1430801
2085101
1334001
2422201
2602201
2065901
477101
3066001
1292101
1245101
579301
580001
2614001
2388001
2356001
123301
3295801
3018201
482901
1783501
1035901
2776501
1276801
2302101
284201
171501
2400601
321201
1380401
2053601
2641501
1205901
2360601
1699201
1271701
1585001
322601
166901
151101
3347701
3221001
2261601
529301
2072001
2202501
1777001
1399001
1264701
235701
1376601
2602301
1559301
3167801
2218001
1049501
227601
207101
265001
1668201
1395401
1881701
1024901
171901
1531601
261801
2373701
2495001
2089801
256301
1685601
2312001
1720001
155301
1491901
345301
1242001
2343401
2142201
483101
236601
3047901
377601
1392101
187201
1899301
2047201
2625801
2142501
1371501
3275901
1759001
2811301
1829201
540101
2135801
2006201
2433801
516001
553401
269701
1906601
480101
1224301
2926701
492501
1246401
274001
1649601
3140001
3096101
1278101
1742201
2113701
1230401
1274101
1389401
2284001
1214401
2304101
489701
261001
253001
2217901
1039701
3358101
1623001
161801
2580401
2020901
1318101
2140001
1683401
540201
458401
181301
330501
2672901
3057201
1270001
2234001
1913201
1577501
571601
2253901
2242501
2121401
1707101
2503201
436601
3008001
2186901
247901
1743301
1665201
2569301
1798701
3001701
1867701
2860401
1372201
325301
1400701
349601
1858001
1668401
1305601
2284401
3065801
2072301
143601
138101
2917001
2890701
2629201
1570901
2615501
430601
269101
2513301
1891301
1652801
2905601
2858501
1904801
327001
1452301
1235401
218901
182201
1548801
3146901
1278401
332101
2475201
1911301
1102101
311501
340701
2452201
2843301
1267001
1828901
1009601
145601
1398001
1371601
1236701
1216401
1014101
3279401
2409801
201801
2619601
1212101
321301
2149901
2129001
539101
1580301
1834801
2669701
1388701
3229601
1784401
2688401
440201
3229501
3075501
209201
1811701
2827301
1138401
3127401
1269201
3011101
3248501
1744601
1564801
382701
3125201
2053501
575901
1214301
2467701
199701
206801
603601
1648301
1326901
1927201
284701
165601
474601
2414101
2005601
2078501
3230101
2460301
3252101
162101
2918801
1781401
242401
2725601
515401
1261701
176201
2696701
148301
1853101
1957201
2124001
2615701
530601
350301
2117601
1318701
1349101
2992601
1499601
117601
595601
1771901
350401
383201
2651801
2227401
1390701
3030401
542001
577101
1374701
1573701
3286801
2460801
1292201
2086101
2228701
2097701
2217801
215501
1259901
2302801
2718201
2836901
503501
1874901
2578901
2843601
3141201
2646901
1218101
1026101
2052901
2153101
574801
2591801
1528501
429501
2650001
418201
133101
1894901
398801
498301
1851101
1377401
545401
2132001
2185201
1271601
1030001
2615201
2343801
2078401
1754901
1327301
3325701
1524001
1550401
2117701
1222901
2346401
568701
1910801
1413201
2694101
1509801
2655601
541101
1388501
3157301
452901
461501
2696401
3183501
1622501
293901
1039001
3089001
2055301
2042001
487501
3163201
517201
2233601
2420001
246401
1834201
3036101
1431301
564101
2230101
1377601
2695201
352901
1007101
2121001
1377701
2126101
1270101
2087701
2152601
1219801
2599201
1577601
1720801
1434801
2052801
1379901
1777901
1209701
1996901
166601
571901
530701
284601
1090201
3144701
2099001
2039101
1226301
1717801
564201
2461901
278201
1099101
217701
2373001
3347501
1475801
2062201
2037201
1390801
563401
1776901
1769001
204301
2152101
2058901
1225201
2966101
1881201
2135301
2895001
2399501
334001
1651201
2621001
547401
2613701
2569101
2894801
1781601
3085301
526701
3227701
1780501
3292701
1565901
2085501
2172001
1892701
1380501
2437401
1757301
1672801
2140901
2244501
173301
1668101
2370901
2452301
148401
3209501
471701
2965301
2189401
233301
2121201
2500401
2056301
392601
3185701
1641601
1766001
2733801
497801
204701
423501
1935401
2686701
1390601
1375001
2994101
1831101
2823801
2385601
2019101
1869901
1802401
346101
1888401
3120501
2571601
3287601
495901
1872101
1917801
2244901
2410501
1556501
1696701
222801
2671401
2013001
1243201
2340401
3249001
2823001
2371701
2648201
1534801
207601
2661701
127901
2613101
159501
398601
2048901
1243401
2399401
3270601
162301
409501
1653401
1568801
1014501
1076601
2313001
1754601
2214201
2064601
2045501
143201
2027601
2381801
2750001
1505201
520101
1656401
382401
2581001
220301
2165501
266001
1380201
538801
1648201
2031801
327601
2530201
2065801
1867801
2672401
2110701
1452101
260901
2672501
1453401
1878001
1256901
1676801
2651301
2859801
2649401
167001
2593201
3251201
2626001
1885901
2152001
2562901
3079801
274101
184301
337901
3290401
1680501
458501
2498901
2722901
2581101
3328101
313601
508901
3246501
186201
1555001
2026401
195901
3089101
1860401
2015401
1724901
1626201
2089201
233401
213501
2967901
1938301
3163101
2229201
2187101
1503501
146301
1650201
115701
1023901
1437901
1630501
307501
1896201
415801
1737301
2661901
1022001
398501
1580501
1759401
2727801
1097301
2014101
242501
1567001
455301
1441501
2488801
568001
1936001
322801
2282701
3073401
2428901
175001
399001
2728701
246501
2257401
1880001
1549001
2346701
1465101
3123801
249801
3295701
397901
320101
578601
133001
2656301
1394701
3115401
153901
2926801
3358001
2048101
1887901
241301
254601
1785401
2069001
130901
210701
3273901
1881101
1650301
1393901
365201
2629701
3174001
1671501
1240101
1299501
1874701
1980501
2468401
240801
2999001
3005501
1874601
470701
1390401
1138301
1094901
2795101
307001
1497601
1731601
1673501
2532301
2170501
2904901
451401
1230801
510601
402901
1800401
2974501
473201
3107201
507701
2253701
1816401
157501
2915401
2198201
2196001
3092501
2499701
2221301
1892501
1740301
221601
1021701
1555201
1236501
1839101
328601
1800201
339301
1235101
3254501
1230901
529601
1821601
3242501
3292401
2354301
3208501
1898201
143901
2102601
2381401
162901
196201
150201
416401
3254701
546601
577701
2814301
2039201
3344101
289101
2022501
3156201
2142401
2487801
1968501
2531701
191401
578901
2441201
2405701
3064201
1319301
2456601
128101
2823101
3109901
1268501
2499601
2591001
1658201
3087101
1930201
2528101
557301
468701
472101
3163801
226701
1661401
2715301
2044901
3044901
1457701
2415101
1852601
1522301
573801
1254301
183901
236501
1725301
263301
1222601
212901
1075901
1059201
2138701
2315401
1875201
576901
1276401
2493701
1754501
1787001
3291201
329301
1554001
3193601
2177801
1669701
212601
1641301
274501
126801
2307301
1755601
2086801
218101
2147901
2334501
277901
357801
2247701
2097801
1078601
1097401
505401
441601
1441801
2727901
202601
531601
2530001
2565101
117701
1657401
501301
2039001
2152701
2368601
3092901
1737501
3167001
2616401
2139301
1727001
1212601
3124301
2908101
1286201
3008101
151501
2343901
2043201
567201
322501
2597901
2068401
2520601
1579901
1052701
1763801
328101
2045001
1079601
1218201
2082601
2606201
1245501
1729701
148601
1469701
313301
2454701
3271701
2401701
3241201
2013901
458101
2896701
2107101
469901
162601
3363001
529001
1891901
250901
1856401
1266601
474701
339201
219401
166101
1473101
1757001
191501
2936801
3201801
2033801
1223701
136301
1293201
2376301
2572101
2528201
3085501
3185801
1056301
464001
1038501
2734101
2287301
365101
1277801
501801
1617901
597801
1729301
228401
1096101
528801
1744701
1837701
346201
2657301
1512901
1820801
1673801
3286301
125701
2632701
1205801
234101
1698501
2530701
403401
256601
1695601
312401
3344201
2612701
2625901
2656201
1696001
1240501
3218401
548901
3186301
1283401
3067401
1388401
1733501
197201
1258601
2290701
2871901
3103201
2668701
2364901
1909701
1215301
1379801
1259101
2808801
2196101
2581601
1559001
300901
465801
1237301
2498601
2263301
477301
2782501
2085301
2748001
2321301
3195601
280501
1588301
108401
261701
336701
2049601
1268401
1740201
1532201
3244701
1577301
1216201
2373201
2969401
3189101
2218301
1644201
2788301
337001
2260501
2345601
1240901
154301
119801
3117001
1073601
491301
2503101
590001
174801
179701
2225701
2725301
1280901
2081901
492701
2632301
516901
1909501
129501
1906001
250801
122201
3152701
133501
2530901
455101
2633201
3190901
1617501
2262901
2073701
234801
2210501
1837901
3248601
1543701
2342901
529701
2059901
1626001
1344301
1903501
1537401
1209201
1556701
453901
1877901
343401
2233401
1854501
1771201
345601
2171201
3277601
2814401
485901
209501
160201
556301
1394201
405801
239001
1794101
1440401
1089701
1739201
1845601
603701
2426201
1562201
1401001
1149101
202401
1885801
1464201
289001
1757401
1076401
1718301
173501
1227401
1506201
540701
428501
160601
2829601
2060801
3117201
1463501
1868201
574101
338301
2034801
335201
521201
1371901
1852701
3259401
193501
2795701
1397001
415701
1866801
1459501
2530801
1344101
1895001
1557101
1487801
303801
1648001
196301
3302701
2863101
378501
2422401
1578601
3354501
1278701
119901
587101
207901
2551701
419601
2343601
1054101
2021201
328001
214801
1632301
2577601
1283501
1290701
3057301
307701
1454101
1376801
461401
464701
2253601
3110101
1644001
2228801
430501
598501
3128501
2579401
2352301
